﻿Date,Fecha,Total Confirmed Cases,Total Deaths,Daily Cases,Cases 7-day Average,Daily Deaths,Deaths 7-day Average
3/4/20,4/3/20,2,0,2,,0,
3/5/20,5/3/20,9,0,7,,0,
3/6/20,6/3/20,9,0,0,,0,
3/7/20,7/3/20,14,0,5,,0,
3/8/20,8/3/20,17,0,3,,0,
3/9/20,9/3/20,18,0,1,,0,
3/10/20,10/3/20,19,0,1,2.71,0,0
3/11/20,11/3/20,28,2,9,3.71,2,0.29
3/12/20,12/3/20,32,2,4,3.29,0,0.29
3/13/20,13/03/2020,50,2,18,5.86,0,0.29
3/14/20,14/03/2020,77,3,27,9,1,0.43
3/15/20,15/03/2020,116,4,39,14.14,1,0.57
3/16/20,16/03/2020,141,4,25,17.57,0,0.57
3/17/20,17/03/2020,186,6,45,23.86,2,0.86
3/18/20,18/03/2020,314,7,128,40.86,1,0.71
3/19/20,19/03/2020,390,8,76,51.14,1,0.86
3/20/20,20/03/2020,520,10,130,67.14,2,1.14
3/21/20,21/03/2020,658,12,138,83,2,1.29
3/22/20,22/03/2020,830,13,172,102,1,1.29
3/23/20,23/03/2020,1171,14,341,147.14,1,1.43
3/24/20,24/03/2020,1412,18,241,175.14,4,1.71
3/25/20,25/03/2020,1682,22,270,195.43,4,2.14
3/26/20,26/03/2020,2355,28,673,280.71,6,2.86
3/27/20,27/03/2020,2765,34,410,320.71,6,3.43
3/28/20,28/03/2020,3763,54,998,443.57,20,6
3/29/20,29/03/2020,4246,56,483,488,2,6.14
3/30/20,30/03/2020,5473,63,1227,614.57,7,7
3/31/20,31/03/2020,6338,77,865,703.71,14,8.43
4/1/20,1/4/20,6955,87,617,753.29,10,9.29
4/2/20,2/4/20,8010,128,1055,807.86,41,14.29
4/3/20,3/4/20,9585,163,1575,974.29,35,18.43
4/4/20,4/4/20,11111,191,1526,1049.71,28,19.57
4/5/20,5/4/20,12151,218,1040,1129.29,27,23.14
4/6/20,6/4/20,13324,236,1173,1121.57,18,24.71
4/7/20,7/4/20,14747,296,1423,1201.29,60,31.29
4/8/20,8/4/20,15455,309,708,1214.29,13,31.71
4/9/20,9/4/20,16364,354,909,1193.43,45,32.29
4/10/20,10/4/20,17531,390,1167,1135.14,36,32.43
4/11/20,11/4/20,18494,438,963,1054.71,48,35.29
4/12/20,12/4/20,19355,461,861,1029.14,23,34.71
4/13/20,13/04/2020,20601,470,1246,1039.57,9,33.43
4/14/20,14/04/2020,21367,571,766,945.71,101,39.29
4/15/20,15/04/2020,22511,596,1144,1008,25,41
4/16/20,16/04/2020,22897,633,386,933.29,37,39.86
4/17/20,17/04/2020,24119,726,1222,941.14,93,48
4/18/20,18/04/2020,25269,748,1150,967.86,22,44.29
4/19/20,19/04/2020,25996,764,727,948.71,16,43.29
4/20/20,20/04/2020,26660,774,664,865.57,10,43.43
4/21/20,21/04/2020,27495,867,835,875.43,93,42.29
4/22/20,22/04/2020,28309,927,814,828.29,60,47.29
4/23/20,23/04/2020,28832,987,523,847.86,60,50.57
4/24/20,24/04/2020,30174,1046,1342,865,59,45.71
4/25/20,25/04/2020,30839,1055,665,795.71,9,43.86
4/26/20,26/04/2020,31528,1074,689,790.29,19,44.29
4/27/20,27/04/2020,32138,1088,610,782.57,14,44.86
4/28/20,28/04/2020,32846,1171,708,764.43,83,43.43
4/29/20,29/04/2020,33193,1240,347,697.71,69,44.71
4/30/20,30/04/2020,33690,1268,497,694,28,40.14
5/1/20,1/5/20,34728,1314,1038,650.57,46,38.29
5/2/20,2/5/20,35463,1364,735,660.57,50,44.14
5/3/20,3/5/20,36078,1379,615,650,15,43.57
5/4/20,4/5/20,36897,1399,819,679.86,20,44.43
5/5/20,5/5/20,37439,1471,542,656.14,72,42.86
5/6/20,6/5/20,38002,1539,563,687,68,42.71
5/7/20,7/5/20,38828,1539,826,734,0,38.71
5/8/20,8/5/20,39199,1600,371,638.71,61,40.86
5/9/20,9/5/20,40001,1715,802,648.29,115,50.14
5/10/20,10/5/20,40596,1721,595,645.43,6,48.86
5/11/20,11/5/20,40982,1735,386,583.57,14,48
5/12/20,12/5/20,41923,1779,941,640.57,44,44
5/13/20,13/05/2020,42402,1827,479,628.57,48,41.14
5/14/20,14/05/2020,43210,1875,808,626,48,48
5/15/20,15/05/2020,44138,1917,928,705.57,42,45.29
5/16/20,16/05/2020,44811,1964,673,687.14,47,35.57
5/17/20,17/05/2020,45588,1973,777,713.14,9,36
5/18/20,18/05/2020,46442,1997,854,780,24,37.43
5/19/20,19/05/2020,46944,2052,502,717.29,55,39
5/20/20,20/05/2020,47471,2096,527,724.14,44,38.43
5/21/20,21/05/2020,48675,2144,1204,780.71,48,38.43
5/22/20,22/05/2020,49451,2190,776,759,46,39
5/23/20,23/05/2020,50127,2232,676,759.43,42,38.29
5/24/20,24/05/2020,50867,2237,740,754.14,5,37.71
5/25/20,25/05/2020,51746,2252,879,757.71,15,36.43
5/26/20,26/05/2020,52255,2259,509,758.71,7,29.57
5/27/20,27/05/2020,52634,2319,379,737.57,60,31.86
5/28/20,28/05/2020,53277,2363,643,657.43,44,31.29
5/29/20,29/05/2020,54497,2413,1220,720.86,50,31.86
5/30/20,30/05/2020,55424,2447,927,756.71,34,30.71
5/31/20,31/05/2020,56163,2451,739,756.57,4,30.57
6/1/20,1/6/20,56822,2459,659,725.14,8,29.57
6/2/20,2/6/20,57439,2529,617,740.57,70,38.57
6/3/20,3/6/20,58756,2565,1317,874.57,36,35.14
6/4/20,4/6/20,60183,2607,1427,986.57,42,34.86
6/5/20,5/6/20,61480,2659,1297,997.57,52,35.14
6/6/20,6/6/20,62758,2688,1278,1047.71,29,34.43
6/7/20,7/6/20,63930,2699,1172,1109.57,11,35.43
6/8/20,8/6/20,64896,2711,966,1153.43,12,36
6/9/20,9/6/20,65992,2764,1096,1221.86,53,33.57
6/10/20,10/6/20,67371,2801,1379,1230.71,37,33.71
6/11/20,11/6/20,69069,2848,1698,1269.43,47,34.43
6/12/20,12/6/20,70971,2877,1902,1355.86,29,31.14
6/13/20,13/06/2020,73552,2925,2581,1542,48,33.86
6/14/20,14/06/2020,75568,2931,2016,1662.57,6,33.14
6/15/20,15/06/2020,77326,2938,1758,1775.71,7,32.43
6/16/20,16/06/2020,80109,2993,2783,2016.71,55,32.71
6/17/20,17/06/2020,82719,3018,2610,2192.57,25,31
6/18/20,18/06/2020,85926,3061,3207,2408.14,43,30.43
6/19/20,19/06/2020,89748,3104,3822,2682.43,43,32.43
6/20/20,20/06/2020,93797,3144,4049,2892.14,40,31.29
6/21/20,21/06/2020,97291,3161,3494,3103.29,17,32.86
6/22/20,22/06/2020,100217,3173,2926,3270.14,12,33.57
6/23/20,23/06/2020,103502,3238,3285,3341.86,65,35
6/24/20,24/06/2020,109014,3281,5512,3756.43,43,37.57
6/25/20,25/06/2020,114018,3327,5004,4013.14,46,38
6/26/20,26/06/2020,122960,3366,8942,4744.57,39,37.43
6/27/20,27/06/2020,132545,3390,9585,5535.43,24,35.14
6/28/20,28/06/2020,141075,3419,8530,6254.86,29,36.86
6/29/20,29/06/2020,146341,3447,5266,6589.14,28,39.14
6/30/20,30/06/2020,152434,3505,6093,6990.29,58,38.14
7/1/20,1/7/20,158997,3550,6563,7140.43,45,38.43
7/2/20,2/7/20,169106,3617,10109,7869.71,67,41.43
7/3/20,3/7/20,178594,3684,9488,7947.71,67,45.43
7/4/20,4/7/20,190052,3702,11458,8215.29,18,44.57
7/5/20,5/7/20,200111,3731,10059,8433.71,29,44.57
7/6/20,6/7/20,206447,3778,6336,8586.57,47,47.29
7/7/20,7/7/20,213794,3841,7347,8765.71,63,48
7/8/20,8/7/20,223783,3889,9989,9255.14,48,48.43
7/9/20,9/7/20,232718,4009,8935,9087.43,120,56
7/10/20,10/7/20,244151,4102,11433,9365.29,93,59.71
7/11/20,11/7/20,254511,4197,10360,9208.43,95,70.71
7/12/20,12/7/20,269811,4242,15300,9957.14,45,73
7/13/20,13/07/2020,282435,4277,12624,10855.43,35,71.29
7/14/20,14/07/2020,291629,4409,9194,11119.29,132,81.14
7/15/20,15/07/2020,301810,4521,10181,11146.71,112,90.29
7/16/20,16/07/2020,315775,4677,13965,11865.29,156,95.43
7/17/20,17/07/2020,327241,4805,11466,11870,128,100.43
7/18/20,18/07/2020,337569,4895,10328,11865.43,90,99.71
7/19/20,19/07/2020,350047,4982,12478,11462.29,87,105.71
7/20/20,20/07/2020,360394,5072,10347,11137,90,113.57
7/21/20,21/07/2020,369834,5206,9440,11172.14,134,113.86
7/22/20,22/07/2020,379619,5345,9785,11115.57,139,117.71
7/23/20,23/07/2020,389868,5518,10249,10584.71,173,120.14
7/24/20,24/07/2020,402312,5653,12444,10724.43,135,121.14
7/25/20,25/07/2020,414511,5777,12199,10991.71,124,126
7/26/20,26/07/2020,423855,5854,9344,10544,77,124.57
7/27/20,27/07/2020,432747,5931,8892,10336.14,77,122.71
7/28/20,28/07/2020,441977,6117,9230,10306.14,186,130.14
7/29/20,29/07/2020,451423,6333,9446,10257.71,216,141.14
7/30/20,30/07/2020,461379,6586,9956,10215.86,253,152.57
7/31/20,31/07/2020,470386,6843,9007,9724.86,257,170
8/1/20,1/8/20,480028,7022,9642,9359.57,179,177.86
8/2/20,2/8/20,487132,7084,7104,9039.57,62,175.71
8/3/20,3/8/20,491884,7157,4752,8448.14,73,175.14
8/4/20,4/8/20,497330,7402,5446,7907.57,245,183.57
8/5/20,5/8/20,502739,7627,5409,7330.86,225,184.86
8/6/20,6/8/20,510389,7747,7650,7001.43,120,165.86
8/7/20,7/8/20,518067,7926,7678,6811.57,179,154.71
8/8/20,8/8/20,526577,8109,8510,6649.86,183,155.29
8/9/20,9/8/20,532806,8186,6229,6524.86,77,157.43
8/10/20,10/8/20,536961,8277,4155,6439.57,91,160
8/11/20,11/8/20,542792,8553,5831,6494.57,276,164.43
8/12/20,12/8/20,550901,8765,8109,6880.29,212,162.57
8/13/20,13/08/2020,557137,8913,6236,6678.29,148,166.57
8/14/20,14/08/2020,563285,9141,6148,6459.71,228,173.57
8/15/20,15/08/2020,569637,9345,6352,6151.43,204,176.57
8/16/20,16/08/2020,573416,9452,3779,5801.43,107,180.86
8/17/20,17/08/2020,576086,9538,2670,5589.29,86,180.14
8/18/20,18/08/2020,579932,9758,3846,5305.71,220,172.14
8/19/20,19/08/2020,584039,9931,4107,4734,173,166.57
8/20/20,20/08/2020,588602,10049,4563,4495,118,162.29
8/21/20,21/08/2020,593286,10168,4684,4285.86,119,146.71
8/22/20,22/08/2020,597589,10273,4303,3993.14,105,132.57
8/23/20,23/08/2020,600563,10324,2974,3878.14,51,124.57
8/24/20,24/08/2020,602829,10397,2266,3820.43,73,122.71
8/25/20,25/08/2020,605502,10580,2673,3652.86,183,117.43
8/26/20,26/08/2020,608714,10732,3212,3525,152,114.43
8/27/20,27/08/2020,611991,10868,3277,3341.29,136,117
8/28/20,28/08/2020,615806,10957,3815,3217.14,89,112.71
8/29/20,29/08/2020,619003,11105,3197,3059.14,148,118.86
8/30/20,30/08/2020,621578,11118,2575,3002.14,13,113.43
8/31/20,31/08/2020,623463,11186,1885,2947.71,68,112.71
9/1/20,1/9/20,631040,11374,7577,3648.29,188,113.43
9/2/20,2/9/20,633434,11500,2394,3531.43,126,109.71
9/3/20,3/9/20,637005,11649,3571,3573.43,149,111.57
9/4/20,4/9/20,640211,11750,3206,3486.43,101,113.29
9/5/20,5/9/20,643859,11810,3648,3550.86,60,100.71
9/6/20,6/9/20,646431,11849,2572,3550.43,39,104.43
9/7/20,7/9/20,648269,11871,1838,3543.71,22,97.86
9/8/20,8/9/20,650092,11915,1823,2721.71,44,77.29
9/9/20,10/08/2020,652148,12115,2056,2673.43,200,87.86